image: nes3_costmap.pgm
resolution: 0.050000
origin: [-18.780000, -10.820000, 0.0]
negate: 0
occupied_thresh: 0.65
free_thresh: 0.196

